# Created by Octave 3.8.1, Tue Feb 03 10:11:40 2015 CET <ron@ron-ThinkPad-T410s>
# name: data
# type: cell
# rows: 10
# columns: 3
# name: <cell-element>
# type: scalar
1.486077097505669


# name: <cell-element>
# type: scalar
2.972154195011338


# name: <cell-element>
# type: scalar
4.458231292517007


# name: <cell-element>
# type: scalar
5.944308390022676


# name: <cell-element>
# type: scalar
7.430385487528345


# name: <cell-element>
# type: scalar
8.916462585034013


# name: <cell-element>
# type: scalar
10.40253968253968


# name: <cell-element>
# type: scalar
11.88861678004535


# name: <cell-element>
# type: scalar
13.37469387755102


# name: <cell-element>
# type: scalar
14.86077097505669



# name: <cell-element>
# type: matrix
# rows: 4
# columns: 1
 63.2537841796875
 96.8994140625
 169.573974609375
 203.8925170898438


# name: <cell-element>
# type: matrix
# rows: 5
# columns: 1
 43.06640625
 106.9931030273438
 149.3865966796875
 198.5092163085938
 248.3047485351562


# name: <cell-element>
# type: matrix
# rows: 4
# columns: 1
 67.291259765625
 127.8533935546875
 178.3218383789062
 252.3422241210938


# name: <cell-element>
# type: matrix
# rows: 4
# columns: 1
 67.291259765625
 100.9368896484375
 168.2281494140625
 251.6693115234375


# name: <cell-element>
# type: matrix
# rows: 3
# columns: 1
 49.7955322265625
 105.6472778320312
 149.3865966796875


# name: <cell-element>
# type: matrix
# rows: 4
# columns: 1
 59.21630859375
 99.591064453125
 157.4615478515625
 230.1361083984375


# name: <cell-element>
# type: matrix
# rows: 7
# columns: 1
 36.3372802734375
 69.98291015625
 106.3201904296875
 174.957275390625
 230.8090209960938
 913.1423950195312
 1217.971801757812


# name: <cell-element>
# type: matrix
# rows: 4
# columns: 1
 68.6370849609375
 104.974365234375
 150.0595092773438
 213.9862060546875


# name: <cell-element>
# type: matrix
# rows: 3
# columns: 1
 65.9454345703125
 153.424072265625
 203.8925170898438


# name: <cell-element>
# type: matrix
# rows: 4
# columns: 1
 66.61834716796875
 102.28271484375
 150.732421875
 228.790283203125



# name: <cell-element>
# type: matrix
# rows: 4
# columns: 1
 139.0026998415784
 123.1793131387362
 44.84473623595667
 46.23149671592861


# name: <cell-element>
# type: matrix
# rows: 5
# columns: 1
 165.456538313087
 130.955851458759
 74.78607851384363
 41.85603727786872
 33.67952125301814


# name: <cell-element>
# type: matrix
# rows: 4
# columns: 1
 110.8469440960874
 268.2445131342813
 47.683151545217
 31.05696145365557


# name: <cell-element>
# type: matrix
# rows: 4
# columns: 1
 157.753901818048
 65.79947303458184
 67.82763293069806
 29.93052607095322


# name: <cell-element>
# type: matrix
# rows: 3
# columns: 1
 400.2915419149834
 219.0717057444531
 67.29233807545774


# name: <cell-element>
# type: matrix
# rows: 4
# columns: 1
 170.1809977793262
 139.3081136758184
 117.2973969499729
 33.71696256920274


# name: <cell-element>
# type: matrix
# rows: 7
# columns: 1
 109.7242627575388
 226.9562902283133
 133.4216543449152
 88.14130032616227
 27.00378431834545
 19.91799257113381
 27.84893996666545


# name: <cell-element>
# type: matrix
# rows: 4
# columns: 1
 356.9085831804899
 180.212360856536
 73.68977124991694
 36.98933324321577


# name: <cell-element>
# type: matrix
# rows: 3
# columns: 1
 504.601570457433
 85.42264712662207
 30.60549444492748


# name: <cell-element>
# type: matrix
# rows: 4
# columns: 1
 392.6843351083717
 142.026151573719
 164.7019816930619
 37.57073394963528





